152 338 8000536661.1025
178 344 8002853091.3125
315 81 8003409152.747499
273 195 8003485768.91
166 230 8004011000.6725
321 230 8004886158.365
272 222 8005607798.375
286 343 8005723712.5
296 336 8006007041.875
301 338 8006972321.184999
274 58 8007296602.0
287 343 8007754829.1475
196 323 8008813980.115
173 307 8009870987.84
204 98 8010009079.34
209 289 8011296790.59
57 82 8012193090.8525
176 230 8013363597.065001
58 83 8013495827.59
249 174 8014641801.0275
248 198 8015559205.309999
225 85 8017063093.5275
54 80 8017105198.835
247 197 8017214748.035
226 80 8019250301.5
299 166 8019302283.327499
204 323 8020882570.1875
54 71 8020901978.66
101 183 8021220569.434999
116 188 8021326771.235
52 327 8022246523.84
36 175 8022424249.9775
118 54 8022739992.639999
282 180 8022838872.627501
207 135 8024051655.0625
215 323 8024083436.0275
165 230 8024861924.71
17 348 8025334073.184999
280 224 8025682659.485
274 194 8026061062.79
191 323 8026333037.8025
214 157 8027606668.4375
126 51 8028278524.415
250 56 8030320051.8125
142 337 8030651128.127501
188 167 8031369925.625
186 217 8031925195.8125
177 342 8032070156.1875
208 77 8032089268.2775
208 134 8032280856.872499
289 320 8032962486.440001
17 343 8033468598.2975
156 173 8034296240.0
251 57 8035014550.309999
251 56 8035298743.5775
70 49 8035623016.0
187 343 8035758402.285
329 193 8036229672.71
193 253 8037103239.16
216 339 8037831213.4475
49 325 8037977661.0475
267 322 8039844859.61
14 447 8040089402.3125
293 341 8040362661.514999
87 198 8040534764.84
244 192 8040543262.434999
205 202 8040672627.5
116 223 8042185879.865
259 343 8042847979.0
260 339 8043214474.735001
250 57 8046069932.335
244 223 8046176038.2775
185 306 8047005677.9375
283 54 8047412733.684999
87 186 8047724763.0
242 222 8049204910.7275
299 165 8050726786.75
248 61 8050795524.684999
207 101 8051875362.365
277 178 8052350777.5
161 98 8052651401.877501
216 173 8052922481.264999
189 346 8055293909.0275
168 256 8055486800.665
323 225 8055578101.9475
103 182 8057014840.639999
308 461 8058039446.36
152 273 8058529661.9375
258 344 8058590976.440001
282 55 8059659123.452499
297 336 8060606385.985001
190 206 8062184647.4375
181 211 8062484229.01
208 135 8064837383.66
53 168 8064950749.5
187 204 8065245677.24
163 110 8065371304.84
51 166 8068238923.8125
79 223 8068706921.3125
216 340 8069198711.75
